0000000100100101
0000111000010001
0000100010011101
1111100101100000
1111011000111010
0000001110011110
0000111010110011
0000011110101011
1111100001111010
1111011011011000
0000010011110100
0000111001101010
0000010110100100
1111011100101001
1111011110100011
0000011001101011
0000111001100101
0000010000010001
1111011000111001
1111100010111100
0000100000001001
0000111001011110
0000001011011000
1111011000001011
1111101001011101
0000100110011000
0000110111011010
0000000100001010
1111010101110010
1111101110100101
0000101011010111
0000110101000011
1111111101101100
1111010100011001
1111110100000010
0000101111011001
0000110001101011
1111110111110111
1111010101100001
1111111100001100
0000110101000000
0000101111100110
1111110011110010
1111010111001010
0000000011001111
0000111000110110
0000101011010010
1111101110011000
1111011001000000
0000001001011010
0000111001110001
0000100011110101
1111100110001011
1111011000000001
0000001100011110
0000110111111111
0000011011011011
1111011110101110
1111011000011111
0000010000111011
0000110110100110
0000010011011100
1111011001100100
1111011100000110
0000010111110111
0000110111101101
0000001110100110
1111010111010101
1111100000101010
0000011101010000
0000110110000000
0000000111010001
1111010011110110
1111100100101001
0000100001000001
0000110001101100
1111111101010100
1111001110000000
1111100110011011
0000100010001111
0000101011001111
1111110011100110
1111001001101001
1111101000110110
0000100011100111
0000100101000001
1111101010110101
1111000111101001
1111101101010111
0000100110000010
0000011111111011
1111100011011111
1111000111010111
1111110011101110
0000101001101010
0000011100110110
1111100000001100
1111001011011011
1111111100101110
0000101101101010
0000011000100001
1111011011001110
1111001101001001
0000000010010110
0000101110000111
0000010001010111
1111010101001010
1111001111001010
0000000111110110
0000101110011001
0000001011101010
1111010001101010
1111010011100110
0000001110011111
0000101101111000
0000000100011111
1111001101001101
1111010111000110
0000010011110010
0000101100001110
1111111101001000
1111001001010011
1111011010110010
0000011000110000
0000101010110001
1111110111111001
1111001001110101
1111100011000111
0000100000011011
0000101010101000
1111110011100001
1111001010011111
1111101010010010
0000100101010111
0000100111011000
1111101101001100
1111001010000100
1111110000100101
0000101001100000
0000100011101000
1111100111110100
1111001011100101
1111110111101100
0000101101100001
0000100000001000
1111100011001101
1111001110101000
0000000000001010
0000110001100111
0000011100100100
1111011111001010
1111010001011001
0000000110011011
0000110001110111
0000010101011011
1111011001000100
1111010010110001
0000001011101001
0000110001111111
0000001111000110
1111010101011010
1111010111100100
0000010010110001
0000110010011001
0000001000110000
1111010001010000
1111011010111010
0000010111100100
0000110000011011
0000000001101010
1111001101111101
1111011111001101
0000011100010001
0000101101110001
1111111010110101
1111001100011011
1111100101101001
0000100010110100
0000101100100100
1111110101100111
1111001100100111
1111101100001010
0000100111100000
0000101001100011
1111101111101010
1111001101100010
1111110100010001
0000101101011101
0000101000010000
1111101100000011
1111001111101000
1111111100010000
0000110001111110
0000100100101101
1111100111111010
1111010010101000
0000000011110010
0000110100110110
0000011111010011
1111100010001101
1111010100101001
0000001010000001
0000110110011011
0000011010001100
1111011110000100
1111011000011111
0000010001000111
0000110111001101
0000010100100010
1111011010101001
1111011101000111
0000011000111010
0000111000110011
0000001111100101
1111010111111101
1111100001000010
0000011101011111
0000110110000010
0000000111010110
1111010100000110
1111100100111111
0000100001100111
0000110010011010
1111111110001100
1111001111001001
1111100111111110
0000100100110100
0000101110111001
1111110111110000
1111001110010010
1111101101111101
0000101000111000
0000101010100110
1111110000101001
1111001101110000
1111110100010011
0000101101011101
0000100111100100
1111101011100011
1111001111010100
1111111011001110
0000110000110100
0000100011001000
1111100101100010
1111010000001100
0000000000110101
0000110001011010
0000011100001001
1111011110110100
1111010001010001
0000000111000010
0000110011001010
0000010111010110
1111011100000010
1111010110011111
0000001111101011
0000110110001101
0000010011000010
1111011001000011
1111011011001101
0000010110001011
0000110101100001
0000001011101000
1111010011101110
1111011101001010
0000011001100110
0000110010011100
0000000100010101
1111010001010101
1111100011010001
0000100001010011
0000110011001000
0000000000011001
1111010010101011
1111101011111110
0000101000101110
0000110010000001
1111111010001110
1111010000101000
1111101111111000
0000101010101010
0000101100101100
1111110010110010
1111001111111000
1111110101111011
0000101110000110
0000100111111000
1111101011101110
1111001111001110
1111111011011000
0000110000111100
0000100011000000
1111100101101110
1111010000011100
0000000001000010
0000110001110010
0000011100001000
1111011110001001
1111001111111111
0000000100111010
0000110000011101
0000010011111011
1111010111011000
1111010001000110
0000001001110001
0000101111110010
0000001100101011
1111010010100011
1111010100001110
0000001111000111
0000101110100011
0000000101000011
1111001101110001
1111010111010111
0000010011110101
0000101100011110
1111111101011110
1111001001101111
1111011010110101
0000010111100101
0000101000101100
1111110101000010
1111000101111010
1111011110101001
0000011011011001
0000100101000100
1111101110001010
1111000100111011
1111100100010010
0000011111011100
0000100001000001
1111100110010101
1111000011001101
1111101001010101
0000100010000111
0000011100011001
1111011111110111
1111000011000000
1111101110110100
0000100011111111
0000010110011010
1111011001101010
1111000101000110
1111110110110011
0000101000010000
0000010011101000
1111010111010111
1111001010011111
0000000000101010
0000101101010011
0000010000111110
1111010100111100
1111001111011110
0000001000100011
0000101111010000
0000001100101111
1111010010111101
1111010101010001
0000010000100110
0000110000001111
0000000110111100
1111001111011100
1111011001001001
0000010110000011
0000101110100001
1111111111100011
1111001100001110
1111011101110011
0000011011100001
0000101101010100
1111111010001010
1111001011110111
1111100100111101
0000100010000100
0000101100011000
1111110101011111
1111001100011101
1111101100001011
0000100111000100
0000101001000011
1111101110111101
1111001011101000
1111110001111010
0000101010101100
0000100100011111
1111101000100010
1111001100011000
1111111000001101
0000101101110101
0000100000011111
1111100011100001
1111001110101110
1111111111110100
0000110000101101
0000011011011001
1111011101101010
1111001111011100
0000000100010010
0000101111100100
0000010010111100
1111010110110110
1111010001000011
0000001010011011
0000110001001100
0000001110010101
1111010100011110
1111010110011011
0000010001011010
0000110001000100
0000000111011110
1111001111110111
1111011001011010
0000010101011110
0000101101100011
1111111110101000
1111001011000101
1111011100110100
0000011010111000
0000101101000110
1111111010110110
1111001101001010
1111100110100110
0000100100000100
0000101110001011
1111110111000100
1111001110000101
1111101101101000
0000101000011110
0000101010010010
1111101111111100
1111001100111011
1111110011010110
0000101100010111
0000100111001110
1111101011110001
1111001111011110
1111111011010110
0000110000010101
0000100010010100
1111100101010010
1111010000000011
0000000000111011
0000110010000111
0000011100110001
1111011111010101
1111010001101111
0000000111000111
0000110011010011
0000010111001100
1111011011010000
1111010110001010
0000001111110100
0000110110100000
0000010011111101
1111011001111101
1111011011101111
0000010110101011
0000110101101000
0000001011111001
1111010100110001
1111011110100100
0000011011100100
0000110100100100
0000000101111111
1111010011011011
1111100101111001
0000100011111010
0000110110011010
0000000100000101
1111010110001001
1111101111100001
0000101100000001
0000110101001110
1111111101111010
1111010100100000
1111110100010001
0000101111110001
0000110001110011
1111111000001010
1111010101101010
1111111011100110
0000110100000100
0000101101111100
1111110001101010
1111010101110110
0000000010011010
0000111000001111
0000101011010000
1111101110010010
1111011001000111
0000001010010111
0000111011010011
0000100110001000
1111101001000100
1111011011000110
0000010000001010
0000111011100110
0000011110010100
1111100001101010
1111011011010110
0000010011100101
0000111001101111
0000010110101000
1111011100011100
1111011110110000
0000011010001100
0000111010000110
0000010001000010
1111011001101010
1111100011100100
0000100000011100
0000111000101000
0000001001010010
1111010101000000
1111100101001110
0000100001111011
0000110010111101
1111111111001000
1111010000011100
1111101001000110
0000100101100011
0000101111000101
1111110111001111
1111001101100100
1111101101011111
0000101000110010
0000101010101001
1111110000011001
1111001101000011
1111110011001001
0000101011111001
0000100101110001
1111101001011111
1111001101000111
1111111001001111
0000101110101011
0000100000110110
1111100011101001
1111001110010101
1111111110101110
0000101111010001
0000011001101011
1111011011110111
1111001101101110
0000000010011010
0000101101101010
0000010001000010
1111010100100110
1111001110011110
0000000111011100
0000101101110110
0000001011010010
1111010001110101
1111010100000101
0000001111100010
0000101111011100
0000000110001110
1111001111010110
1111011001100010
0000010110110100
0000110000011111
0000000010001111
1111001110111110
1111100000110001
0000011110000011
0000101111011100
1111111100101101
1111001110100001
1111100111011100
0000100100001101
0000101101110111
1111110110111001
1111001110001000
1111101110000010
0000101001010001
0000101010110110
1111110000000111
1111001100101011
1111110010001111
0000101010010100
0000100100000000
1111100111100010
1111001011010110
1111110111101110
0000101101000100
0000011111100011
1111100010100011
1111001101000111
1111111110000110
0000101110111110
0000011001001011
1111011011101010
1111001101100111
0000000010010011
0000101110000011
0000010001101000
1111010101100000
1111001111111010
0000001000111011
0000101111100001
0000001101000101
1111010011000110
1111010101000100
0000010000010111
0000101111110111
0000000110011011
1111001111001010
1111011000110001
0000010101011010
0000101101110101
1111111110011010
1111001010010101
1111011011000011
0000010111110001
0000101000111101
1111110101010100
1111000110010001
1111011110110110
0000011011011101
0000100101001010
1111101101110101
1111000100010110
1111100100000001
0000011111010100
0000100001010001
1111100111000111
1111000011101111
1111101001011010
0000100001111100
0000011011111101
1111011111110001
1111000011100001
1111101111100110
0000100101001100
0000010111111101
1111011011001011
1111000110011110
1111110111110010
0000101000101001
0000010011001000
1111010101101001
1111000111111111
1111111101101010
0000101001101010
0000001101001110
1111010001010101
1111001011101001
0000000100101111
0000101011011100
0000001000100111
1111001110110110
1111010001011111
0000001101001101
0000101101100010
0000000100111101
1111001110001010
1111011000011110
0000010101110001
0000101110111100
0000000000101011
1111001101010111
1111011110100110
0000011011110110
0000101101010000
1111111010000001
1111001011011000
1111100011110010
0000100000011100
0000101010010000
1111110010110011
1111001001100100
1111101001001111
0000100100010010
0000100110011111
1111101100100001
1111001001100111
1111110000010110
0000101001100100
0000100100010000
1111101000111001
1111001100110000
1111111000110010
0000101110010011
0000100000010100
1111100010110111
1111001101100111
1111111110100000
0000101111101101
0000011010101110
1111011101100111
1111010000010001
0000000101110011
0000110001111000
0000010101111011
1111011001111110
1111010100001011
0000001101000110
0000110010111110
0000001111100110
1111010101010001
1111010110110010
0000010001111001
0000110001111111
0000001001010000
1111010010110011
1111011101001110
0000011010001110
0000110011001010
0000000100011111
1111010001000001
1111100010011000
0000011111100101
0000110001001011
1111111110000110
1111001111101000
1111101000111110
0000100110001110
0000110000000010
1111111000111101
1111001111110101
1111101111011101
0000101010110011
0000101100110001
1111110010011011
1111001111001100
1111110100111000
0000101100111011
0000100110100101
1111101010001010
1111001101110100
1111111001111110
0000101111011011
0000100001110111
1111100100110001
1111001111101111
0000000001000110
0000110010100011
0000011110000001
1111100001101111
1111010100110000
0000001010100110
0000110110101100
0000011001111010
1111011101011010
1111010111010001
0000001111101000
0000110101101101
0000010010110111
1111011000111101
1111011011011111
0000010111011000
0000110111110100
0000001111011010
1111011000101010
1111100010100111
0000011111100111
0000111000011000
0000001001110111
1111010110111111
1111101000110010
0000100110100011
0000111000101100
0000000101111101
1111011000000010
1111110001100010
0000101110110000
0000111000111011
0000000001110000
1111011000010100
1111111000000110
0000110011011000
0000110101011100
1111111011100111
1111011000011111
1111111110010011
0000110110111010
0000110000110100
1111110100011101
1111011000000010
0000000011110100
0000111000111111
0000101011001111
1111101101110100
1111011000010100
0000001000111011
0000111001101001
0000100100100001
1111100111011011
1111011001100110
0000001110101010
0000111010001011
0000011101100101
1111100001110001
1111011100011101
0000010101101011
0000111011111010
0000011000100100
1111011110001111
1111100000000000
0000011010110010
0000111010001111
0000010000110110
1111011001001110
1111100010011101
0000011110011011
0000110110010110
0000000111001101
1111010011011001
1111100100001110
0000100001010000
0000110010100100
1111111110110111
1111001111101110
1111100111110101
0000100011110101
0000101101001100
1111110101111101
1111001100101011
1111101100010011
0000100111100110
0000101001101001
1111101111011001
1111001100011000
1111110010110001
0000101011100110
0000100101110001
1111101001100110
1111001100111011
1111111000100010
0000101101100000
0000011111011001
1111100001111100
1111001100100011
1111111101011111
0000101110101010
0000011001011111
1111011100010001
1111001110101101
0000000011111111
0000101111110100
0000010011010001
1111010110101100
1111010000100000
0000001001000010
0000101110111000
0000001011110001
1111010001110000
1111010011111011
0000001111101010
0000101111110010
0000000110111001
1111010000001010
1111011010000001
0000010110101000
0000101111010101
0000000000010110
1111001100101101
1111011101111101
0000011010111001
0000101100000011
1111111000010001
1111001001000010
1111100001101101
0000011110011001
0000101000000001
1111110000111101
1111000111100110
1111100111001011
0000100010101000
0000100100101100
1111101010101101
1111000111111001
1111101101101111
0000100110001010
0000011111111001
1111100010111010
1111000101111000
1111110001001100
0000100101101001
0000010111100111
1111011010001100
1111000100101100
1111110101111100
0000100111001110
0000010010001100
1111010101011111
1111000111111010
1111111100111110
0000101000111100
0000001100101100
1111010000101111
1111001010111011
0000000011100001
0000101001101011
0000000110101011
1111001100110000
1111001111100000
0000001011010111
0000101011011010
0000000010101010
1111001011100111
1111010101011100
0000010010100000
0000101011010001
1111111100100100
1111001001100011
1111011011001110
0000011000101111
0000101010010010
1111110110101111
1111000111111110
1111100000101101
0000011101011001
0000100111011000
1111110000001101
1111000111000000
1111100111000001
0000100010001111
0000100100001101
1111101010011000
1111000111001111
1111101101010010
0000100110010110
0000100000101000
1111100100101011
1111001000110001
1111110101001001
0000101010111001
0000011101100101
1111100000101101
1111001011111110
1111111101010110
0000101110110011
0000011010001001
1111011101001111
1111010000000000
0000000110000010
0000110010100011
0000010110110001
1111011011000101
1111010101010010
0000001110001011
0000110100001101
0000010000110000
1111010110100011
1111011000010001
0000010010110110
0000110010000101
0000001000011011
1111010001000100
1111011011001111
0000011000011101
0000110001110011
0000000011110011
1111010000111000
1111100010100101
0000011111110010
0000110000111001
1111111101100001
1111001110110101
1111100111011000
0000100011111011
0000101101010011
1111110101110010
1111001100100111
1111101100101010
0000101000101101
0000101011101001
1111110010001111
1111010000000111
1111110110111101
0000101111101111
0000101001111000
1111101101101001
1111010001000000
1111111101000000
0000110010000100
0000100011110100
1111100110100001
1111010001011010
0000000010100101
0000110100001000
0000011111110001
1111100011110110
1111010111011111
0000001101101110
0000111010100010
0000011110101111
1111100010101110
1111011100111110
0000010101011100
0000111010111101
0000010111100000
1111011100111000
1111011110011100
0000011001100100
0000111001000001
0000001111101110
1111011000110001
1111100010100001