00000000000000000000001000101001111101
00000000000000000001110001001111101001
00000000000000000010010001101011000111
11111111111111111110111011111011011100
11111111111111111000111110001011100111
11111111111111110110001011010011100110
11111111111111111011000001010010000010
00000000000000000011111111101011110111
00000000000000000111011100100001001001
00000000000000000000000110110000000000
11111111111111110100110001111100010111
11111111111111110010100001100111101010
11111111111111111101110010100011111001
00000000000000001011010101010000110111
00000000000000001011001011101110110101
11111111111111111011010001111011000110
11111111111111101100001101111010010001
11111111111111110000010010100000110110
00000000000000000101111010010111111110
00000000000000010110010110100101000000
00000000000000001101001000110101000110
11111111111111110000100001010110011011
11111111111111011110101100101010001110
11111111111111101110111001110101111001
00000000000000010101010001100001101010
00000000000000101001101000001010000010
00000000000000001111010001101010001101
11111111111111010111110111010001100100
11111111111110111011000000100110100001
11111111111111100100111000110100111001
00000000000001001000100100101001010011
00000000000010100011111100001011010101
00000000000010110110001011011011001000
00000000000001111000010000111100001000
00000000000000100010100111110101001100
11111111111111111010010001110110111000
00000000000000010101010010101000001111
00000000000001001101100001001100011000
00000000000001101010100000000101100001
00000000000001010110101010100000110011
00000000000000101101000001000100001010
00000000000000010111011111111001101101
00000000000000100100101010011101111110
00000000000000111110110101000110000111
00000000000001001000001001001011100001
00000000000000111001101010110111010010
00000000000000100110000000000100000011
00000000000000100001101011001100110111
00000000000000101101111111000000100110
00000000000000111011010101011111111010
00000000000000111100100001011011101110
00000000000000110011111110110100010100
00000000000000101110011110100100010010
00000000000000110011111001111111000011
00000000000000111111100100011111010011
00000000000001000110011110010000110111
00000000000001000010110110010000110011
00000000000000111000111001001000101101
00000000000000110001100010001011110011
00000000000000110001111010011001000110
00000000000000110111110100001111100010
00000000000000111101000101101111001101
00000000000000111101100101010101010111
00000000000000111010001011000101000010
00000000000000110111000001100111101000
00000000000000110101111101111101010001
00000000000000110111110100000011100101
00000000000000111010011101001001101111
00000000000000111100010011110011110111
00000000000000111110100000010110110111
00000000000001000010101111101001101001
00000000000001001000000111110001011110
00000000000001001011100011100110001000
00000000000001001011100001000011001110
00000000000001001010000110110010101000
00000000000001001010100001101100100111
00000000000001001101001100100010111001
00000000000001001111100101111000111110
00000000000001001111100101000100010000
00000000000001001101100010101101101001
00000000000001001010110110101000100011
00000000000001000111011010101000110111
00000000000001000010000011101000101011
00000000000000111011000011111100101000
00000000000000110100101110000010110010
00000000000000110000101111001000010000
00000000000000101110001000010011011000
00000000000000101010101001110110011101
00000000000000100101110111010110011001
00000000000000100001100011111010100011
00000000000000011111000100100100111111
00000000000000011101100001010101100100
00000000000000011011101011110001001011
00000000000000011010100011111000000001
00000000000000011100100001111000101100
00000000000000100001101110111100110101
00000000000000100110101011010101100100
00000000000000100111100100000110001000
00000000000000100100011100001000011100
00000000000000100000111001111101000100
00000000000000011111110101000110011110
00000000000000100000011011011000101110
00000000000000100000000000001010010111
00000000000000011101011011100111100100
00000000000000011001101010011100101111
00000000000000010101010101111110100001
00000000000000001111101011110111011110
00000000000000001000001111000001101011
00000000000000000000100110000111001001
11111111111111111011000010011100100000
11111111111111110111100010011111111010
11111111111111110011100110001011011011
11111111111111101101011100111110101010
11111111111111100110011010110001110000
11111111111111100001001010100001111111
11111111111111011110010100110011110110
11111111111111011100000010000011110101
11111111111111011000110110001000010000
11111111111111010101101101110110001000
11111111111111010100001100111000101100
11111111111111010011101111110010111100
11111111111111010010001110010011011011
11111111111111001111001110110111110001
11111111111111001101011101011011110110
11111111111111001111101111110100010101
11111111111111010101100100111111100011
11111111111111011011101000100001111101
11111111111111011111100101000010111001
11111111111111100010000100110110011000
11111111111111100100100111101001000100
11111111111111100110101011111000101100
11111111111111100110011001101010110010
11111111111111100011100100110011111011
11111111111111100000100000100111001000
11111111111111011111001110000000100101
11111111111111011110110110101101110000
11111111111111011101000110101100001011
11111111111111011001101110000111000001
11111111111111010111001111000011110101
11111111111111010111111001100001010101
11111111111111011010111011111100111001
11111111111111011101100110011001111100
11111111111111011110010111111011101101
11111111111111011101111100010101001101
11111111111111011101001001010000011110
11111111111111011011100101001001011101
11111111111111011000111100000001100010
11111111111111010110100011000110110001
11111111111111010110001011010011010000
11111111111111010111001101001111011101
11111111111111010110100101010001000101
11111111111111010010100000100001011110
11111111111111001101010011011110010110
11111111111111001011011001000011111011
11111111111111001110100100011111110011
11111111111111010100010011101100111111
11111111111111011001000110111110010001
11111111111111011100011100001101101111
11111111111111100000001111100111111110
11111111111111100101010110110000000001
11111111111111101001111111111011000011
11111111111111101100001010001001000001
11111111111111101100010000100010010001
11111111111111101100010100000010100111
11111111111111101101000001000110011011
11111111111111101101001010100100110111
11111111111111101100000010100111111111
11111111111111101011000011101011111010
11111111111111101100000011100111101110
11111111111111101110100111111000100101
11111111111111110000011110110100011101
11111111111111110000101000000100010111
11111111111111110000101101111000010001
11111111111111110010101111110001111110
11111111111111110110010000000001010010
11111111111111111001000010001111010001
11111111111111111010011101011011111000
11111111111111111100011101000011110001
00000000000000000000101000001110001011
00000000000000000101011111111011100010
00000000000000000111110001111110100101
00000000000000000110001111100101011010
00000000000000000011000001001100111011
00000000000000000000101010000101001100
11111111111111111111000111000111111111
11111111111111111100100111011001000011
11111111111111111000110101111111101111
11111111111111110101110100101111000011
11111111111111110101011000001000110101
11111111111111110110110101010111100110
11111111111111111000010011110011101001
11111111111111111001010111001000001010
11111111111111111010111101101101001101
11111111111111111101000001010001001000
11111111111111111101010111110111001110
11111111111111111010010111110000011010
11111111111111110101101001110100010000
11111111111111110010110101010001100000
11111111111111110011010100110011111011
11111111111111110100101101100100111110
11111111111111110011110001111110110100
11111111111111110000011010110101011111
11111111111111101101011100001011000000
11111111111111101100110111110110001000
11111111111111101101111010100101001110
11111111111111101110111001111100011001
11111111111111101111111100101000011010
11111111111111110010011011111000110101
11111111111111110110010111111101101111
11111111111111111001101001100100100111
11111111111111111010100011001100000010
11111111111111111001111001100000110111
11111111111111111001110000111101101001
11111111111111111010110001001001000101
11111111111111111011111000101100001110
11111111111111111100111010010111111010
11111111111111111111100101111110111111
00000000000000000101001110010001000001
00000000000000001011111111111100001110
00000000000000010000010100100110011001
00000000000000010000111000010110011010
00000000000000010000010110010100101101
00000000000000010010001111010000001011
00000000000000010110110011011100000110
00000000000000011011001011001001100010
00000000000000011101001001001101110101
00000000000000011101011011110011111000
00000000000000011101110100111010011110
00000000000000011110010100100110011110
00000000000000011101100000110101001000
00000000000000011011011001001000110100
00000000000000011010001000000100100011
00000000000000011011011100100010010011
00000000000000011110010010111101000100
00000000000000100000000111101000011011
00000000000000100000000101100011011110
00000000000000011111110010100110011011
00000000000000100000100111111000110000
00000000000000100001111000011101100001
00000000000000100010010110000000101010
00000000000000100010110100001011110001
00000000000000100101100010101001100000
00000000000000101010101111111110100101
00000000000000101111001100001111001110
00000000000000101111010000000111011000
00000000000000101010111011000101011011
00000000000000100101101101001100100001
00000000000000100010101011111000110111
00000000000000100001101101101000111111
00000000000000100000110100100011101011
00000000000000011111000111111111111100
00000000000000011101000001011000100011
00000000000000011010001110111001001000
00000000000000010101011010111010001001
00000000000000001110011110110101101110
00000000000000001000001011001000000011
00000000000000000101111001010011000011
00000000000000000111110110111001001101
00000000000000001010101100101000001000
00000000000000001011001001100101100101
00000000000000001001001101101010000001
00000000000000000111000111101001100000
00000000000000000110000000001001110110
00000000000000000101000010011110111010
00000000000000000011110100010100111000
00000000000000000011110100101111101011
00000000000000000110100000010110100100
00000000000000001010101001101100100011
00000000000000001101001010111011010011
00000000000000001100110000110001110111
00000000000000001011100001110111011101
00000000000000001100000111100001011001
00000000000000001110001100011000101110
00000000000000001110111000110111000110
00000000000000001100011111101110011000
00000000000000001000011111011000000111
00000000000000000101010100010101010101
00000000000000000011010101010110110001
00000000000000000001001010000001001111
11111111111111111110100010101000110110
11111111111111111101011001000001110000
11111111111111111111011000101010100011
00000000000000000011100111100100110110
00000000000000000111101111011101100100
00000000000000001010111010111101110111
00000000000000001110010100110001010111
00000000000000010010101000111111001000
00000000000000010110011001101101101001
00000000000000010111110000010011001101
00000000000000010111001011101100000001
00000000000000010110111010011001000000
00000000000000010111100010101001000001
00000000000000010110101110000111101001
00000000000000010010000100101111110111
00000000000000001010101111101111010000
00000000000000000100110011001111111100
00000000000000000010111110101010101100
00000000000000000100010010000010011100
00000000000000000110001100110110111101
00000000000000001000001001101010111101
00000000000000001011100110010101000111
00000000000000010001001110001100011011
00000000000000010111011110110010101010
00000000000000011100101001101101000101
00000000000000100000111101110101111011
00000000000000100101011110000000011100
00000000000000101001010010101011101100
00000000000000101001100111011100011111
00000000000000100101000001101111111110
00000000000000011101111101111101000011
00000000000000011000101011100101000011
00000000000000010111000100000110111010
00000000000000010111100001100100011010
00000000000000010111101101011001001100
00000000000000010111001010000011110011
00000000000000010110100110000101110111
00000000000000010101101110101110110010
00000000000000010011011100001000000001
00000000000000010000000100110101010101
00000000000000001110000000010110101001
00000000000000001110111100100010001101
00000000000000010001011011111000001000
00000000000000010010001110010010101001
00000000000000010000000111001101001100
00000000000000001101000101101010000101
00000000000000001011001110110010110101
00000000000000001001101101010111000100
00000000000000000101111100110110100101
11111111111111111111011101000111100100
11111111111111111000111001011111010001
11111111111111110100111001010001010110
11111111111111110010111000111001100011
11111111111111110000010100100101011001
11111111111111101100010001010101000010
11111111111111101000100111111101100001
11111111111111100111010100100010100111
11111111111111100111101000101110100010
11111111111111100111010011000000001111
11111111111111100101100000111001001011
11111111111111100011100011110011110110
11111111111111100010011001001111100011
11111111111111100001000011111010001011
11111111111111011110010100000101010101
11111111111111011010111100100010110111
11111111111111011001000011100010101000
11111111111111011001000010110000101011
11111111111111011000101011000000010111
11111111111111010101110010011110010011
11111111111111010001001001011100011000
11111111111111001101010110100101111011
11111111111111001011010100100011101000
11111111111111001001001111100001010011
11111111111111000101011011010100110110
11111111111111000001000000101010000110
11111111111110111110101110101010100100
11111111111110111111010111001100111000
11111111111111000000110000101010010110
11111111111111000000101101111000111110
11111111111110111111100000010000101100
11111111111110111110101001001100100101
11111111111110111110000010111011110111
11111111111110111011111010001111011110
11111111111110110111101110001100011100
11111111111110110011111000111010010101
11111111111110110011001010110110001000
11111111111110110101000101101100011101
11111111111110110110001101011111110001
11111111111110110100000101110111000110
11111111111110101111111100110110111110
11111111111110101100110101001000111010
11111111111110101100000011011101111111
11111111111110101100101001101100010101
11111111111110101101110010111011011011
11111111111110110000010000010000011011
11111111111110110100110011100101010100
11111111111110111010011000110100011110
11111111111110111111001011000100100111
11111111111111000011001011010101100011
11111111111111001000010011111111010100
11111111111111001111011000100000100010
11111111111111010110001000101110101001
11111111111111011001100000111100010000
11111111111111011001100001000110010011
11111111111111011001011111011101011001
11111111111111011100010101000110111101
11111111111111100001011100001001101100
11111111111111100110000101100010111000
11111111111111101000111011000001101011
11111111111111101010111011110010011001
11111111111111101100111110110011101100
11111111111111101110000011100100111111
11111111111111101100111011010001111011
11111111111111101010011101011010011101
11111111111111101000111011001010000101
11111111111111101001000000001010101101
11111111111111101000110101001010110010
11111111111111100110110100011010110011
11111111111111100100011000100010101100
11111111111111100100100010001000100111
11111111111111101000000001010010011001
11111111111111101100001110100011100011
11111111111111101110011010110111010110
11111111111111101111000110011101011100
11111111111111110000111111001010010111
11111111111111110101001000101000110100
11111111111111111001100001101001101111
11111111111111111011101111001001011001
11111111111111111011110110100100110001
11111111111111111011101110110011011010
11111111111111111100000011001111111000
11111111111111111011101000000000000000
11111111111111111001101111110100001101
11111111111111110111110010111010111010
11111111111111110111100100101010101010
11111111111111111000101100100011111011
11111111111111111000111110100111110011
11111111111111110111100011100000011111
11111111111111110110010010000101101010
11111111111111110111010011100010101110
11111111111111111010001011000000001111
11111111111111111100011101110100111100
11111111111111111101000100100000011010
11111111111111111101011010110011100111
11111111111111111110111010100000110111
00000000000000000000010100010000000111
11111111111111111110111100010110111100
11111111111111111010000110111101010011
11111111111111110100000111001010001110
11111111111111101111011010011100010011
11111111111111101011111110010101101101
11111111111111101000011110110011111101
11111111111111100101011001001001111101
11111111111111100101001000100110110101
11111111111111101000111010011010100001
11111111111111101110011110110010100101
11111111111111110010001101001100100100
11111111111111110010111000101000000001
11111111111111110010010011100111010011
11111111111111110010001100000001100001
11111111111111110001110111111011110010
11111111111111101111101110011000100111
11111111111111101011110101101111100010
11111111111111100111111101111100111000
11111111111111100100110110010000110001
11111111111111100001010001100001110010
11111111111111011100100000101101011111
11111111111111011000100110000110100111
11111111111111011000111001011000011000
11111111111111011110010101000000011000
11111111111111100110001110100110000011
11111111111111101101100000000000001011
11111111111111110011101110100010000001
11111111111111111010010010101010100111
00000000000000000001001011010011000011
00000000000000000110001000100101001100
00000000000000000111011111111010011111
00000000000000000110100001110101011001
00000000000000000101110000100111001010
00000000000000000101101101101010010100
00000000000000000100101000011010111111
00000000000000000001101001000110111001
11111111111111111110111100010101001010
11111111111111111111101010100111110110
00000000000000000100001001111100101110
00000000000000001001100101001010110100
00000000000000001101001000111100100100
00000000000000001110100010001101101110
00000000000000001110111001001111110101
00000000000000001110010110111110001101
00000000000000001100001011011111010011
00000000000000001000111010100010111110
00000000000000000110110010000010110111
00000000000000000111000101100001000111
00000000000000001000001110111101101100
00000000000000000111011110100010110100
00000000000000000100100000100101011101
00000000000000000001111111111000000101
00000000000000000010001100100100100110
00000000000000000100010000011001100110
00000000000000000101110101110001010011
00000000000000000110101101101010011000
00000000000000001001010011010100101010
00000000000000001111010000011100010010
00000000000000010110101101100001101010
00000000000000011011111111011101000111
00000000000000011101011000001011110010
00000000000000011100000111001111111111
00000000000000011001111000110110111010
00000000000000010110110000010100010001
00000000000000010010011001011000111101
00000000000000001110010011001011010000
00000000000000001100111101001101111011
00000000000000001110111001110001000100
00000000000000010001111000011000111101
00000000000000010011110001111010011001
00000000000000010101101000111000100010
00000000000000011010011101011101010011
00000000000000100011001111000010000010
00000000000000101101011011000111110100
00000000000000110101101100001111110101
00000000000000111011001000100011011101
00000000000000111110111001110010110010
00000000000001000001010011001111001100
00000000000001000000111111111111001111
00000000000000111101100101101000100000
00000000000000111001011110100001110111
00000000000000111000000011011100101010
00000000000000111010001011001111000001
00000000000000111101100011111111100010
00000000000000111111110011001111010100
00000000000001000000101111001100111001
00000000000001000001010100101011100000
00000000000001000001010100111100010011
00000000000000111111101100111111101110
00000000000000111101001100010001101111
00000000000000111100111011101100110000
00000000000001000001001101101100000010
00000000000001001000010101110111010001
00000000000001001110000010000110010000
00000000000001001111110111101110111100
00000000000001001111011011010011100001
00000000000001001111100110011001111011
00000000000001010000111001011011010011
00000000000001010001011101111110010011
00000000000001010000001001101100001101
00000000000001001101110110111000100000
00000000000001001011101001010110100100
00000000000001001000101100001111011010
00000000000001000011011101011001111111
00000000000000111100100010000111001000
00000000000000110110101110000011011010
00000000000000110011111110001111010110
00000000000000110011010100111100111110
00000000000000110010101000111011001000
00000000000000110001101010001000000000
00000000000000110010000101010000010101
00000000000000110100100100010111001111
00000000000000110111001101001010001111
00000000000000110111110100001001000001
00000000000000110110110100011011011101
00000000000000110110100001000111001101
00000000000000110111011101101000100100
00000000000000110110111111010101001011
00000000000000110010001110001101101100
00000000000000101001101100010001100000
00000000000000100000111001110110100100
00000000000000011010101000001111110111
00000000000000010110101100101010110110
00000000000000010011101011110100001001
00000000000000010001011000111011101011
00000000000000010000011001011101101000
00000000000000001111111011101100100101
00000000000000001101111000100111101111
00000000000000001001100001100110110100
00000000000000000101000110011001000010
00000000000000000011011111001010101110
00000000000000000100101000111011101101
00000000000000000101101000111110110110
00000000000000000100010110000011001110
00000000000000000001110011100000011100
00000000000000000000011000111000101010
00000000000000000000010110010101101000
11111111111111111111101101100000001010
11111111111111111101011110011010111101
11111111111111111011010101110110101000
11111111111111111011011100011110100001
11111111111111111101010001010110001101
11111111111111111110000010011001011110
11111111111111111100001000001101000000
11111111111111111000110100110001001101
11111111111111110110000011111001011001
11111111111111110011101000011001000011
11111111111111101111110000010100110111
11111111111111101001111111000111001010
11111111111111100100001001110010000101
11111111111111011111111001101010001010
11111111111111011100011111101011110101
11111111111111011000001111000100010011
11111111111111010011011100011000011000
11111111111111010000101011000110101111
11111111111111010001101010101100001101
11111111111111010101001010011111100000
11111111111111011000100111111101001111
11111111111111011011010101001011110000
11111111111111011110011101000111011101
11111111111111100010010010000101101001
11111111111111100100111101110000010100
11111111111111100101000000010001000110
11111111111111100100000111010111111001
11111111111111100101111101110101110010
11111111111111101011110111100111000110
11111111111111110010111110100100001100
11111111111111110111011011101000001010
11111111111111111000100010111001001000
11111111111111111000111100010100111001
11111111111111111010111001011111011010
11111111111111111101111100010011100011
00000000000000000000011010111110011110
00000000000000000010000101111010101010
00000000000000000100000000011010110000
00000000000000000110010101000101011110
00000000000000000111110011110111000010
00000000000000000111111001100001100010
00000000000000001000000100010001011111
00000000000000001001110111001001000010
00000000000000001100001111010010000000
00000000000000001100001001000000100110
00000000000000001000000001101101001011
00000000000000000001110100011010010010
11111111111111111100100011000010101011
11111111111111111000111011010101100111
11111111111111110101011110110110010111
11111111111111110001101100110000110000
11111111111111101111100000110101011101
11111111111111110000110010011110110111
11111111111111110100010001011101010110
11111111111111110110100001111110000100
11111111111111110101110101110101100010
11111111111111110011110100110000111110
11111111111111110010101111010111101101
11111111111111110010001110011100110010
11111111111111101111111011010101011110
11111111111111101011000001001111000110
11111111111111100101100100011000010010
11111111111111100001111101101110010011
11111111111111100000001010111000001010
11111111111111011110100001110011001001
11111111111111011100110001111000011111
11111111111111011100110010101100101001
11111111111111011111110111001100011011
11111111111111100100100010101001001101
11111111111111101000001000100100010100
11111111111111101001101100110010110010
11111111111111101010011101100111000001
11111111111111101011010100110011111011
11111111111111101011010110110000011110
11111111111111101001100010011001000110
11111111111111100110111100000000101011
11111111111111100101101010110011110110
11111111111111100101110000111011101011
11111111111111100100011110010000011110
11111111111111011111011111111011100111
11111111111111011000000110101000110101
11111111111111010001110010010110110001
11111111111111001110001111100100000000
11111111111111001011111000010000100110
11111111111111001000100110110100100000
11111111111111000100111010000100001111
11111111111111000010111000111000100100
11111111111111000010111000010010101011
11111111111111000010101010101010011011
11111111111111000000011111110100110001
11111111111110111101100101100010100001
11111111111110111100100011011001111101
11111111111110111101110001011011001111
11111111111110111110101011101001100010
11111111111110111101000001110001111001
11111111111110111001100010101011100101
11111111111110110110100111000100111110
11111111111110110101000110111111010010
11111111111110110011110010001110100110
11111111111110110001110001110001001101
11111111111110110000010110010101100001
11111111111110110001001111001100011001
11111111111110110100001100011101010010
11111111111110110111010011111011101111
11111111111110111001100011000011111110
11111111111110111011101100000110011111
11111111111110111110010001111010100011
11111111111110111111110101111110100001
11111111111110111110100000010000000000
11111111111110111010111101111001010010
11111111111110111000011100100001000110
11111111111110111001000111000011011111
11111111111110111011100011110111011101
11111111111110111100110101101001000110
11111111111110111100010111001001001111
11111111111110111100011111100001001011
11111111111110111111001011000001110110
11111111111111000011010100101010001101
11111111111111000110100000011100111101
11111111111111001000011010000010101111
11111111111111001011001001001000000001
11111111111111010000000100011100011011
11111111111111010101110000010011011010
11111111111111011001111110000100111101
11111111111111011100110011110101101100
11111111111111100000011101011111010100
11111111111111100101110101110100001011
11111111111111101010111011010010010011
11111111111111101101001101001011100100
11111111111111101100110110001001001001
11111111111111101100010010000000000001
11111111111111101100111011011101001101
11111111111111101101100111011001100011
11111111111111101100110001000011001001
11111111111111101010111100101101001110
11111111111111101010000001111101001011
11111111111111101010010110100010110111
11111111111111101010001000110110100110
11111111111111101000000111101010100101
11111111111111100101100111000101000110
11111111111111100100110111110011100100
11111111111111100110000010000001001010
11111111111111100111000001101011001100
11111111111111100110101100011110101001
11111111111111100110101100000000000000
11111111111111101001011001001101100110
11111111111111101110101010001101100101
11111111111111110011110110111100000100
11111111111111110111001000100111110100
11111111111111111001001101010111101111
11111111111111111011011010101111101111
11111111111111111101000100011111101110
11111111111111111100001010000001110011
11111111111111111000100100010100011011
11111111111111110101000011010000000100
11111111111111110100001110110100101111
11111111111111110101101000111010101000
11111111111111110110101101111101000100
11111111111111110110011010001011110001
11111111111111110110011001001011101111
11111111111111111000011001000011110100
11111111111111111011100010001000111000
11111111111111111101100010101110101011
11111111111111111101111000001100100100
11111111111111111110010000111101100110
11111111111111111111110100011111110001
00000000000000000000111011110100111111
11111111111111111111001100111101100010
11111111111111111010110110111001100100
11111111111111110110111111010001100010
11111111111111110110001110100001111100
11111111111111111000010001110010110100
11111111111111111011010010011110010110
11111111111111111110101001001000011001
00000000000000000011000000101111110100
00000000000000000111111100001001100011
00000000000000001011000100111100101010
00000000000000001010101100011001110010
00000000000000001000001001011101000111
00000000000000000110100101111101110000
00000000000000000111010111001001000111
00000000000000001000111001111011000011
00000000000000001001100110110001111011
00000000000000001010010110011011001000
00000000000000001101001100010001010101
00000000000000010001111100111111111111
00000000000000010101101101010001110100
00000000000000010110001101100011011111
00000000000000010100101011001001100100
00000000000000010100000101110110101101
00000000000000010101011001111110011111
00000000000000010110100001100000100101
00000000000000010101001111111101111010
00000000000000010001111011101100101001
00000000000000001110010111101101011001
00000000000000001011000111100111001001
00000000000000000111010100001011110001
00000000000000000011000010100010110111
00000000000000000000010101111010101000
00000000000000000000111001001100011000
00000000000000000011011000111111011010
00000000000000000100101110010101000100
00000000000000000011101100111000100000
00000000000000000010011101100010111101
00000000000000000011110001001011000001
00000000000000000111110011101101001010
00000000000000001100100111110000001101
00000000000000010001000101000001010000
00000000000000010101110100100111100001
00000000000000011010111110101111101100
00000000000000011110011010001110111100
00000000000000011101100110000010000001
00000000000000011001000000010011010001
00000000000000010100001011001111011011
00000000000000010010000000100000100111
00000000000000010010000101000000111011
00000000000000010010010101100000010001
00000000000000010010100110000001100101
00000000000000010100111101101101101101
00000000000000011010101100011111001111
00000000000000100001111101100010001000
00000000000000100111101111110111101110
00000000000000101011001000000001010001
00000000000000101101100010001111110010
00000000000000110000000111000011000111
00000000000000110010000111100100100111
00000000000000110010101110110000011101
00000000000000110011001100111100010011
00000000000000110101110110110001100111
00000000000000111011000111101101001010
00000000000001000000111011010100110111
00000000000001000101011111011000100000
00000000000001001001100110110010011011
00000000000001001111000011100010001110
00000000000001010101010011001101001001
00000000000001011001010101111101100010
00000000000001011001010011111110010011
00000000000001010111000011111100101011
00000000000001010110001010111001010001
00000000000001010111110100100100011001
00000000000001011001111010100101000000
00000000000001011010010000101001010010
00000000000001011001001111100000101111
00000000000001011000100100110000110010
00000000000001011000010111101001001100
00000000000001010110111110011110111100
00000000000001010011110011110100110111
00000000000001010000110100000010101110
00000000000001010000000101001101100011
00000000000001010000110111101111111111
00000000000001010000010001000101111100
00000000000001001100110011010001100100
00000000000001001000010001111010001010
00000000000001000101011011111001111010
00000000000001000100101011110100110010
00000000000001000100001011110010100101
00000000000001000010100110101101100111
00000000000001000000100000100101101000
00000000000000111110110010100011111001
00000000000000111101000100111111100000
00000000000000111010110111110000011100
00000000000000111001011110001110011011
00000000000000111011000110110111110011
00000000000000111111101110001001111110
00000000000001000011110111011110101100
00000000000001000011111100011101010100
00000000000001000000001010101110110000
00000000000000111100001000110011101111
00000000000000111010011110000011101101
00000000000000111010000001111100011111
00000000000000111000000000111110001101
00000000000000110011101101110110011110
00000000000000101110111011010010101111
00000000000000101010110111111000100101
00000000000000100110011110001111110110
00000000000000100000011011010000100011
00000000000000011001111001011111111001
00000000000000010101101001110101110001
00000000000000010100100010110110001101
00000000000000010100001001100111101010
00000000000000010001100100100110111011
00000000000000001100101010100001111111
00000000000000000111100100111100011100
00000000000000000011101101000001111110
00000000000000000000011011100100001010
11111111111111111101000110000100011001
11111111111111111010110000011111110000
11111111111111111010110011100101111011
11111111111111111100011100111010000100
11111111111111111101001000011010001111
11111111111111111011101100000000100000
11111111111111111010000001001111011101
11111111111111111010101000110101110101
11111111111111111101001110010100000101
11111111111111111110111000001100010100
11111111111111111101101101000111101010
11111111111111111010110111001011111000
11111111111111111000100000010110111101
11111111111111110110101111000110011010
11111111111111110011111010110111000101
11111111111111101111110000001110100111
11111111111111101100011001000110000111
11111111111111101011110101101101100010
11111111111111101101001111010011100101
11111111111111101101111010100000001011
11111111111111101100110101000001001000
11111111111111101011101001100101000001
11111111111111101011111101110001110011
11111111111111101100101101001011001000
11111111111111101011011100111011101010
11111111111111100111110000100100011000
11111111111111100011110111001000101101
11111111111111100001110010011101110101
11111111111111100000111111111101101001
11111111111111011111110101011000010101
11111111111111011110011110101110101001
11111111111111011111000100010101111010
11111111111111100010101100010001000010
11111111111111100111100100101110010111
11111111111111101011000100010010100101
11111111111111101100101010111001010000
11111111111111101101110111001011110001
11111111111111101111010001000011111001
11111111111111101111011100000111001100
11111111111111101101000101110100110000
11111111111111101001011110001001011000
11111111111111100111001000001111001010
11111111111111100110100000010000010110
11111111111111100101001111010111010101
11111111111111100001011010011001011010
11111111111111011100011000001111110011
11111111111111011001010011001101101110
11111111111111011001001100111100100111
11111111111111011001110111111000101000
11111111111111011000111110110010011011
11111111111111010111000001110000011000
11111111111111010110010011000100010101
11111111111111010111100100010111101101
11111111111111011001001100011001110100
11111111111111011001100110111110011010
11111111111111011001010011001010110101
11111111111111011001010100101011011001
11111111111111011000110110000101000101
11111111111111010101101000011110011001
11111111111111001111000110001110100100
11111111111111000111100101100110110000
11111111111111000001110001000110001000
11111111111110111101100100010001010000
11111111111110111000111110111001001000
11111111111110110011100101101110111000
11111111111110101111110011110111100011
11111111111110110000000000101100000011
11111111111110110011001111000000001111
11111111111110110110000101110001000011
11111111111110110110100111010010001010
11111111111110110101111110111011010000
11111111111110110110001101111110111100
11111111111110110111010101111010101000
11111111111110110111110010111111001101
11111111111110110111000110001010110011
11111111111110110110100011010110110000
11111111111110110111000111010011101100
11111111111110110111111001110011101111
11111111111110110111110101001101110100
11111111111110110111111010100111110011
11111111111110111010100011001000111010
11111111111111000000001100100001100100
11111111111111000110000111011000000000
11111111111111001001010000110100010100
11111111111111001001101011101011110000
11111111111111001010000000010101110010
11111111111111001011110100001010100010
11111111111111001101110110111101011100
11111111111111001110011011110100001001
11111111111111001110010001010011111100
11111111111111001111100110010000100110
11111111111111010010110000010110000100
11111111111111010101001101000100001101
11111111111111010100100110011100010001
11111111111111010001111001011011000010
11111111111111010000001010010010111001
11111111111111010000110000001011100010
11111111111111010010000011010110110110
11111111111111010010001000001101110100
11111111111111010001011101010100010101
11111111111111010001111110000100100001
11111111111111010011111110010000110011
11111111111111010101100101001111101101
11111111111111010101011010111111110111
11111111111111010100100100110010100010
11111111111111010101000000100010001101
11111111111111010110110100001101011000
11111111111111011000010010110011000100
11111111111111011000101111100010010000
11111111111111011001101111111111110001
11111111111111011100111011010101110010
11111111111111100001010110001010011010
11111111111111100100011111000000100101
11111111111111100101100110010000001011
11111111111111100110110011011100011101
11111111111111101010001010010010011001
11111111111111101110110011001100011111
11111111111111110010001001110100101001
11111111111111110011100110000111011100
11111111111111110101011110001111011011
11111111111111111010000000100110011111
00000000000000000000010000111001101011
00000000000000000101010000111010100111
00000000000000000111100101101111100011
00000000000000001000100001100010000011
00000000000000001001100101010110110101
00000000000000001010001011111101000110
00000000000000001000110001010101001111
00000000000000000101011101000101010001
00000000000000000010000100011011110010
11111111111111111111100010110100011011
11111111111111111100101100000111011001
11111111111111111000011011010010010110
11111111111111110100011010101110110010
11111111111111110100000000010110101001
11111111111111111000010101001101111011
11111111111111111110101111010110000100
00000000000000000011100111101100011100
00000000000000000101111110100010001000
00000000000000000111010100111010110000
00000000000000001000100111011111001010
00000000000000001000110010001110000010
00000000000000000110110101010011101100
00000000000000000011111011111110100111
00000000000000000010001010111011011110
00000000000000000001100101011101001010
00000000000000000000000011010011100101
11111111111111111100100011010110011001
11111111111111111001011101001010110110
11111111111111111010010110000111100111
00000000000000000000000011000100100011
00000000000000000111111001011001111100
00000000000000001110111011011111010001